0 0.74453125 0.3890625 0.2671875 0.771875
0 0.85703125 0.2078125 0.284375 0.4125
0 0.08515625 0.0875 0.1703125 0.171875
0 0.2515625 0.39921875 0.2546875 0.784375
0 0.3265625 0.45390625 0.1765625 0.84375
0 0.13671875 0.20390625 0.2734375 0.4046875
0 0.41015625 0.49296875 0.0953125 0.8828125
0 0.6671875 0.44453125 0.1921875 0.840625
0 0.58515625 0.484375 0.1125 0.875
0 0.91484375 0.0859375 0.16875 0.16875
0 0.50078125 0.50625 0.0359375 0.8921875
0 0.1765625 0.3296875 0.3125 0.653125
0 0.81875 0.315625 0.3203125 0.625