0 0.74453125 0.6109375 0.2671875 0.77109375
0 0.85703125 0.7921875 0.28359375 0.41171875
0 0.08515625 0.9125 0.16953125 0.171875
0 0.2515625 0.60078125 0.25390625 0.784375
0 0.3265625 0.54609375 0.17578125 0.84296875
0 0.13671875 0.79609375 0.2734375 0.40390625
0 0.41015625 0.50703125 0.0953125 0.8828125
0 0.6671875 0.55546875 0.1921875 0.840625
0 0.58515625 0.515625 0.1125 0.87421875
0 0.91484375 0.9140625 0.16796875 0.16796875
0 0.50078125 0.49375 0.0359375 0.8921875
0 0.1765625 0.6703125 0.31171875 0.65234375
0 0.81875 0.684375 0.3203125 0.625