0 0.6109375 0.74453125 0.771875 0.2671875
0 0.7921875 0.85703125 0.4125 0.284375
0 0.9125 0.08515625 0.171875 0.16875
0 0.60078125 0.2515625 0.784375 0.253125
0 0.54609375 0.3265625 0.84375 0.175
0 0.79609375 0.13671875 0.403125 0.2734375
0 0.50703125 0.41015625 0.8828125 0.0953125
0 0.55546875 0.6671875 0.840625 0.1921875
0 0.515625 0.58515625 0.875 0.1125
0 0.9140625 0.91484375 0.16875 0.16875
0 0.49375 0.50078125 0.8921875 0.0359375
0 0.6703125 0.1765625 0.653125 0.3125
0 0.684375 0.81875 0.625 0.3203125