10 0.1453125 0.84609375 0.20625 0.1015625
10 0.1609375 0.66640625 0.2484375 0.0890625
10 0.14765625 0.48125 0.2359375 0.090625
10 0.14609375 0.2890625 0.2828125 0.078125
10 0.15859375 0.08046875 0.3125 0.1
10 0.453125 0.83984375 0.228125 0.1375
10 0.43515625 0.6578125 0.215625 0.1015625
10 0.43984375 0.47109375 0.221875 0.0703125
10 0.425 0.2796875 0.2015625 0.109375
10 0.45234375 0.09609375 0.275 0.1015625
10 0.80703125 0.828125 0.184375 0.125
10 0.80703125 0.65390625 0.2140625 0.11875
10 0.81484375 0.46796875 0.203125 0.1375
10 0.8046875 0.28515625 0.2 0.1078125
10 0.81953125 0.084375 0.271875 0.0953125