7 0.74765625 0.45546875 0.2796875 0.13125
7 0.734375 0.865625 0.4015625 0.1453125
7 0.28125 0.471875 0.4921875 0.190625
7 0.32578125 0.58046875 0.53125 0.2984375
7 0.309375 0.3609375 0.378125 0.1375
7 0.75078125 0.7109375 0.3796875 0.1421875
7 0.753125 0.57890625 0.359375 0.13125
7 0.378125 0.70625 0.33125 0.215625
7 0.3 0.23203125 0.35625 0.1609375
7 0.3375 0.11171875 0.26875 0.121875
7 0.5578125 0.09765625 0.24375 0.1015625
7 0.625 0.271875 0.253125 0.1046875
7 0.66484375 0.3609375 0.284375 0.121875
7 0.58984375 0.1796875 0.228125 0.1