7 0.25234375 0.54453125 0.2796875 0.1328125
7 0.265625 0.134375 0.4015625 0.1453125
7 0.71875 0.528125 0.4921875 0.190625
7 0.67421875 0.41953125 0.53125 0.2984375
7 0.690625 0.6390625 0.378125 0.1375
7 0.24921875 0.2890625 0.3796875 0.140625
7 0.246875 0.42109375 0.359375 0.13125
7 0.621875 0.29375 0.33125 0.215625
7 0.7 0.76796875 0.35625 0.1609375
7 0.6625 0.88828125 0.26875 0.121875
7 0.4421875 0.90234375 0.24375 0.1015625
7 0.375 0.728125 0.253125 0.1046875
7 0.33515625 0.6390625 0.284375 0.121875
7 0.41015625 0.8203125 0.228125 0.1