7 0.45546875 0.25234375 0.13203125 0.2796875
7 0.865625 0.265625 0.1453125 0.4015625
7 0.471875 0.71875 0.19140625 0.4921875
7 0.58046875 0.67421875 0.2984375 0.53046875
7 0.3609375 0.690625 0.13671875 0.378125
7 0.7109375 0.24921875 0.14140625 0.3796875
7 0.57890625 0.246875 0.13125 0.35859375
7 0.70625 0.621875 0.21640625 0.33046875
7 0.23203125 0.7 0.1609375 0.35546875
7 0.11171875 0.6625 0.12109375 0.26875
7 0.09765625 0.4421875 0.1015625 0.24453125
7 0.271875 0.375 0.1046875 0.253125
7 0.3609375 0.33515625 0.12109375 0.284375
7 0.1796875 0.41015625 0.09921875 0.228125