13 0.0859375 0.1875 0.171875 0.375
13 0.25703125 0.18203125 0.1765625 0.3640625
13 0.58984375 0.5609375 0.1828125 0.41640625
13 0.5875 0.1765625 0.165625 0.353125
13 0.41640625 0.559375 0.1671875 0.4140625
13 0.24765625 0.565625 0.1703125 0.41953125
13 0.08125 0.57890625 0.1625 0.41953125
13 0.42109375 0.17109375 0.15703125 0.3421875
13 0.74765625 0.19296875 0.1671875 0.38125
13 0.9078125 0.190625 0.153125 0.38046875
13 0.759375 0.58671875 0.1625 0.41484375
13 0.91328125 0.5546875 0.1578125 0.3671875